1.520000000000005969e+02 1.580000000000043769e+02 1.400000000000000000e+01
1.526000000000072419e+02 1.575999999999921783e+02 1.400000000000000000e+01
1.534000000000060311e+02 1.574000000000266937e+02 1.400000000000000000e+01
1.539999999999936620e+02 1.570000000000100613e+02 1.400000000000000000e+01
1.546000000000113630e+02 1.566000000000313435e+02 1.400000000000000000e+01
1.553999999999902570e+02 1.561999999999753754e+02 1.400000000000000000e+01
1.561999999999995907e+02 1.558000000000067189e+02 1.400000000000000000e+01
1.568000000000030241e+02 1.552000000000001592e+02 1.400000000000000000e+01
1.575999999999962427e+02 1.547999999999954639e+02 1.400000000000000000e+01
1.582000000000041950e+02 1.542000000000089699e+02 1.400000000000000000e+01
1.588000000000073157e+02 1.538000000000204182e+02 1.400000000000000000e+01
1.591999999999970896e+02 1.532000000000090836e+02 1.400000000000000000e+01
1.597999999999967145e+02 1.528000000000142222e+02 1.400000000000000000e+01
1.601999999999874831e+02 1.521999999999902116e+02 1.400000000000000000e+01
1.607999999999962029e+02 1.518000000000160981e+02 1.400000000000000000e+01
1.612000000000012392e+02 1.511999999999857778e+02 1.400000000000000000e+01
1.618000000000083105e+02 1.508000000000077421e+02 1.400000000000000000e+01
1.621999999999955264e+02 1.502000000000127216e+02 1.400000000000000000e+01
1.627999999999913996e+02 1.498000000000017735e+02 1.400000000000000000e+01
1.631999999999920021e+02 1.491999999999866873e+02 1.400000000000000000e+01
1.638000000000134264e+02 1.488000000000045588e+02 1.400000000000000000e+01
1.641999999999949011e+02 1.481999999999935085e+02 1.400000000000000000e+01
1.647999999999852605e+02 1.477999999999724423e+02 1.400000000000000000e+01
1.652000000000088562e+02 1.472000000000111868e+02 1.400000000000000000e+01
1.658000000000045304e+02 1.468000000000330374e+02 1.400000000000000000e+01
1.661999999999856072e+02 1.461999999999889610e+02 1.400000000000000000e+01
1.667999999999977092e+02 1.457999999999988745e+02 1.400000000000000000e+01
1.671999999999986244e+02 1.452000000000082309e+02 1.400000000000000000e+01
1.678000000000006651e+02 1.446000000000009322e+02 1.400000000000000000e+01
1.681999999999977149e+02 1.438000000000159844e+02 1.400000000000000000e+01
1.688000000000074294e+02 1.432000000000091404e+02 1.400000000000000000e+01
1.691999999999960949e+02 1.423999999999922466e+02 1.400000000000000000e+01
1.698000000000148759e+02 1.418000000000072305e+02 1.400000000000000000e+01
1.702000000000062983e+02 1.412000000000073783e+02 1.400000000000000000e+01
1.707999999999921386e+02 1.408000000000121190e+02 1.400000000000000000e+01
1.712000000000084015e+02 1.401999999999976012e+02 1.400000000000000000e+01
1.717999999999964018e+02 1.396000000000214527e+02 1.400000000000000000e+01
1.724000000000007446e+02 1.387999999999948955e+02 1.400000000000000000e+01
1.732000000000046214e+02 1.379999999999989768e+02 1.400000000000000000e+01
1.739999999999877218e+02 1.369999999999969873e+02 1.400000000000000000e+01
1.750000000000107718e+02 1.362000000000056730e+02 1.400000000000000000e+01
1.758000000000081968e+02 1.354000000000039563e+02 1.400000000000000000e+01
1.766000000000085777e+02 1.348000000000327532e+02 1.400000000000000000e+01
1.772000000000165869e+02 1.342000000000158479e+02 1.400000000000000000e+01
1.778000000000113801e+02 1.338000000000067189e+02 1.400000000000000000e+01
1.781999999999812871e+02 1.331999999999838451e+02 1.400000000000000000e+01
1.787999999999938723e+02 1.327999999999953502e+02 1.400000000000000000e+01
1.791999999999964928e+02 1.322000000000131763e+02 1.400000000000000000e+01
1.797999999999924796e+02 1.318000000000070600e+02 1.400000000000000000e+01
1.801999999999913484e+02 1.311999999999796387e+02 1.400000000000000000e+01
1.808000000000057526e+02 1.307999999999858005e+02 1.400000000000000000e+01
1.811999999999970896e+02 1.302000000000033424e+02 1.400000000000000000e+01
1.817999999999978229e+02 1.297999999999974534e+02 1.400000000000000000e+01
1.822000000000082593e+02 1.292000000000026603e+02 1.400000000000000000e+01
1.828000000000099305e+02 1.288000000000072873e+02 1.400000000000000000e+01
1.831999999999876252e+02 1.281999999999948159e+02 1.400000000000000000e+01
1.836000000000065882e+02 1.276000000000025238e+02 1.400000000000000000e+01
1.840000000000045475e+02 1.270000000000081855e+02 1.400000000000000000e+01
1.844000000000025921e+02 1.263999999999937245e+02 1.400000000000000000e+01
1.845999999999923773e+02 1.255999999999965553e+02 1.400000000000000000e+01
1.849999999999850218e+02 1.249999999999886882e+02 1.400000000000000000e+01
1.853999999999884096e+02 1.244000000000033879e+02 1.400000000000000000e+01
1.856000000000082082e+02 1.235999999999904730e+02 1.400000000000000000e+01
1.857999999999836120e+02 1.227999999999802299e+02 1.400000000000000000e+01
1.859999999999953673e+02 1.220000000000030695e+02 1.400000000000000000e+01
1.859999999999994316e+02 1.209999999999992610e+02 1.400000000000000000e+01
1.860000000000193836e+02 1.200000000000229647e+02 1.400000000000000000e+01
1.859999999999807017e+02 1.189999999999735110e+02 1.400000000000000000e+01
1.860000000000043769e+02 1.180000000000012506e+02 1.400000000000000000e+01
1.859999999999947136e+02 1.169999999999899956e+02 1.400000000000000000e+01
1.862000000000071509e+02 1.162000000000060140e+02 1.400000000000000000e+01
1.864000000000079069e+02 1.153999999999975898e+02 1.400000000000000000e+01
1.865999999999892509e+02 1.145999999999934857e+02 1.400000000000000000e+01
1.870000000000086118e+02 1.140000000000147224e+02 1.400000000000000000e+01
1.873999999999986130e+02 1.133999999999848001e+02 1.400000000000000000e+01
1.877999999999920817e+02 1.127999999999999545e+02 1.400000000000000000e+01
1.882000000000097373e+02 1.122000000000162458e+02 1.400000000000000000e+01
1.888000000000123180e+02 1.118000000000029672e+02 1.400000000000000000e+01
1.895999999999945658e+02 1.111999999999924853e+02 1.400000000000000000e+01
1.904000000000013415e+02 1.106000000000108230e+02 1.400000000000000000e+01
1.908000000000056673e+02 1.101999999999858346e+02 1.400000000000000000e+01
1.912499999999978684e+02 1.100000000000170530e+02 1.400000000000000000e+01
